-66931926 -45250031 -36952389 54398931 83103240 
9.7e-05
-96651527 -53906104 15465928 31615873 35639589 48271180 79291101 86717612 93688464 97291807 
8e-06
-97863767 -94418858 -84629258 -68684919 -63638711 -63269649 -61630092 -40227618 -39550622 -7539533 1159404 8553223 15250580 20838828 31798503 32902555 35131143 39353242 44045357 47951785 60743694 73183965 84542685 86133961 96812200 
1.1e-05
-92052107 -90865700 -87218768 -85704743 -84783182 -83678746 -82245997 -79539885 -78994830 -75892236 -72339675 -72321936 -70587662 -69474945 -67299214 -65789528 -63754937 -53418156 -51837980 -50657765 -48665733 -48343230 -47384760 -39807083 -37920364 -33814444 -31267608 -28646097 -21375595 -11542276 -10594824 9566979 17377527 19771835 41586863 45317789 49024437 49057155 50913680 53725769 56326766 56850755 59481857 77479345 83643015 87191001 87260571 89227493 94780460 98559408 
2e-05
-99627059 -98522367 -95527601 -95155268 -93150970 -90391862 -89146087 -84402748 -82599841 -78769928 -76208545 -75132652 -74873024 -73998820 -72405824 -71459723 -70290258 -67434945 -67197827 -65866049 -65352407 -64617400 -63565897 -61382069 -60130747 -58975098 -58822592 -58759431 -58226553 -53692938 -53181126 -50297603 -45787741 -44072955 -35250309 -32820039 -31341850 -30146458 -30043240 -29884295 -29798417 -24445467 -23937850 -17358688 -14515841 -11381373 -9430060 -8102314 -492474 1972233 5031458 6948615 7110888 8864560 9234977 16905377 17855515 23641466 23976006 24993993 27331046 29302053 29880279 30953814 31624773 32554165 34858419 36951494 37414302 39769731 40585724 44007366 46467871 52572591 54150837 55697690 60485960 61382042 62864677 66031178 66439873 68802735 71488513 71880296 72864117 75246565 76983511 82118363 83659960 85149065 85564051 87811882 88907559 89913742 90816143 91683745 91774381 93663015 94591724 95917237 
4.2e-05
-99257239 -98756757 -98018961 -97673074 -97372506 -97369608 -97135716 -96784370 -95773024 -94845509 -94627296 -93634375 -93206445 -92353969 -92059403 -91978036 -91915992 -91491371 -90910535 -90621346 -88154913 -87915865 -86477564 -85737870 -85206514 -84917902 -84705060 -83996610 -83329630 -82765094 -82654853 -82626785 -82573098 -81798021 -81649189 -81623398 -81269585 -80695686 -80426409 -80324346 -80257635 -79878370 -78840707 -78746785 -78721218 -78591772 -78507865 -78007251 -77493134 -77199600 -76938676 -76646043 -75949017 -75739506 -75505628 -75370066 -75357044 -74803372 -74573672 -74214556 -73466133 -73335010 -70755522 -70696332 -70646465 -70611228 -70551039 -70173902 -69733537 -67553688 -66736676 -66669470 -66289640 -65894903 -65710414 -64961129 -64953754 -64910653 -64852109 -64296332 -64235891 -63835399 -63383197 -62990053 -60754803 -60590748 -60579798 -60547168 -60393843 -60264006 -59949758 -59784919 -59426151 -59176431 -59010482 -58372514 -57438172 -57200439 -56938435 -56693398 -56689404 -56518787 -56062227 -55213591 -55035355 -54736068 -54160449 -53718330 -53335795 -53219213 -53068984 -52953235 -52787407 -52382420 -52327469 -52272667 -52138073 -52042892 -52019028 -51834093 -50787585 -50646194 -50059695 -49402312 -49195016 -48541725 -48434640 -48077393 -47999225 -47973607 -47683703 -47617463 -47292884 -46949368 -46882650 -45576066 -45540910 -44975157 -44705568 -43641766 -43214092 -43058326 -42308315 -42109763 -41253724 -41066547 -41005187 -40240090 -39461083 -39426935 -38858630 -38212555 -37810172 -37790828 -37727698 -37665475 -37661677 -37454963 -37358447 -36616311 -35201127 -35052469 -34998494 -34321618 -33827033 -33444935 -32896804 -32600332 -31919360 -31722025 -31705669 -31151105 -31023129 -30936334 -30731214 -30473476 -29191802 -29117800 -28444743 -27705723 -26579409 -25722646 -25711359 -25699800 -25324420 -25173570 -24867468 -24724290 -24677525 -24527647 -24451179 -24357631 -24343474 -23938392 -23641395 -23605615 -23520526 -22794232 -22596925 -22593363 -22114136 -21483765 -21077393 -20560298 -20165529 -19818839 -19063939 -18907250 -18753410 -18306910 -18180373 -18017811 -17715453 -17206140 -17079049 -16946200 -16604265 -16597767 -16134244 -14198645 -13630699 -13408518 -12904220 -12126145 -12072899 -10257540 -10113889 -9810890 -9155628 -9042286 -8806118 -8256670 -8248173 -8217681 -8202871 -7819208 -7708564 -7552658 -6989670 -6983576 -6433720 -5810643 -5752179 -5266767 -4865554 -4602809 -3931296 -3764138 -3286276 -2309570 -2289099 -623156 321706 915688 1033154 1115951 1750127 1878695 2289073 2335257 3043334 4458277 4664062 5223314 5516215 6392380 6613045 6669599 7257339 7893500 8266774 8894914 9567479 9624885 10184138 10277549 10343435 10392168 10428768 10842773 11834672 11977587 12059862 12511715 12679773 12713710 13613655 13860444 14185213 14198964 14494961 14691349 15193645 15642521 16352322 16460796 16693561 17593560 18056996 18404473 19085438 19230835 19527336 19574297 19863001 20076746 20175959 20578587 21010099 21706757 22366725 22749343 23449928 23819343 23867399 25108827 25225188 25434529 25593928 25842523 25926526 26259160 26859297 26956235 26969900 27012450 28075164 28386621 28621271 28647263 28714423 28734480 28914911 29765703 30364851 30570765 30969482 31191368 32032577 32072215 32862623 33334958 33513112 33526186 34163236 34640204 34689354 34993768 35002769 36284428 36670393 36773255 38048076 38512344 38742491 38959803 38980621 39102501 39346195 41116859 41707881 41810450 42103154 42403833 42841517 43175180 44102144 44265202 44379100 44499920 45273280 45311810 46506775 46533560 46597774 46745379 47377981 47444912 47524405 47889206 48304154 48353942 49145735 49207441 49280270 49701150 49824993 50210892 51521171 51594150 52708864 52864656 53187206 53263597 53660997 53819854 55626004 55851016 55951605 56066946 56824525 57109413 57279569 57618145 57796797 57943691 58991702 59017084 59117405 59226039 59549681 59787330 59940923 60010832 60255409 60613273 61236020 61466527 61547187 62509857 62668725 62734412 62850985 63546322 64020146 65622947 66418427 67066198 68138627 69203677 69286213 69292741 72098567 72605434 72773907 73251479 73677951 73993754 74133514 74353051 74721030 74817006 75965077 76178527 76219857 76800095 76880150 77124177 78441251 78553644 78555540 78902252 78970293 79206639 79556429 79623042 79765150 80336870 80626019 80707524 80785793 81705191 81729844 82702967 82840663 82993017 83795740 83844041 84089980 84692139 84797917 85158610 85356888 85371484 85603545 87766925 88258094 88546959 88710623 88975341 89196296 90403193 91666676 92254107 92408293 93388751 94065658 94717458 94978151 95219337 96007711 96145478 96308260 96468651 97059272 98018976 98272470 98623102 99422260 99726268 
0.000288
-99931014 -99350619 -99296336 -98982814 -98927779 -98744064 -98544225 -98291979 -98290950 -98015213 -97943460 -97878434 -97660876 -97570312 -97067805 -96458907 -96432733 -96382995 -96379526 -96161844 -96155908 -95820528 -95817479 -95690258 -95652844 -95509101 -95081960 -95076326 -95030103 -94955466 -94914784 -94525686 -94320717 -94234859 -94087230 -93836133 -93765742 -93690555 -93299811 -93155819 -93144926 -92858583 -92785269 -92611853 -91931957 -91843010 -91819480 -91721444 -91495299 -91469672 -91202125 -91194178 -90390968 -90349328 -90181761 -90071411 -90001771 -89669386 -89374276 -89240703 -89052727 -88405290 -87845560 -87005866 -86945958 -86248522 -86143929 -85743411 -85654886 -85402922 -84935233 -84870157 -84863993 -84530313 -84368535 -84228444 -84136404 -83942687 -83923333 -83748072 -83707872 -83469002 -83434217 -83159275 -83104920 -83044589 -82772569 -82632784 -82419807 -82263406 -82253193 -82228213 -81692476 -81575736 -81415542 -81041106 -80506361 -80264618 -80227007 -80094317 -79683745 -79431520 -79373128 -79034657 -78420140 -78123714 -77901055 -77802253 -77794753 -77417796 -77369795 -77258092 -77144136 -77109415 -77109218 -77053941 -76879126 -76833166 -76437055 -76284842 -75806435 -75789992 -75637542 -75285166 -75262622 -75108444 -75009713 -74979639 -74978881 -74642637 -74148170 -73992606 -73955661 -73208820 -72798292 -72538527 -72477411 -72319056 -72286870 -72222757 -72187100 -72064275 -71835573 -71411519 -71312396 -70734022 -70643998 -70562869 -70439569 -70385185 -70382759 -70320836 -70199411 -69902917 -69899386 -69884455 -69680301 -69531643 -69280999 -69171108 -68857817 -68301227 -68251842 -67859284 -67804261 -67775167 -67485387 -67226815 -67160869 -66819142 -66765107 -66545794 -66244607 -66206349 -65990130 -65795050 -65620710 -65584191 -65228785 -65210303 -64710478 -64269784 -64239773 -64071131 -63949992 -63852124 -63645298 -63550746 -63517957 -63445823 -63325900 -63077700 -62975638 -62812766 -62466583 -61907476 -61793612 -61676191 -61322289 -60821463 -60788915 -60632749 -60460995 -60451806 -60284864 -59888637 -59791274 -59752081 -59651898 -59421685 -59337873 -59065087 -59028895 -59011227 -58058771 -57886415 -57757008 -57390937 -57310786 -57273828 -57265806 -57063726 -56664043 -56607873 -56482531 -56145352 -55920543 -55846733 -55777788 -55716911 -55106375 -54447967 -54289562 -53931565 -53478498 -53384506 -53366867 -52865284 -52696593 -52431280 -51896041 -51522097 -51338771 -51201845 -50823183 -50314067 -50273068 -49860592 -49815741 -49710830 -49608037 -49454237 -48939485 -48653457 -48574077 -48275442 -48271598 -48213164 -48139842 -47966050 -47751838 -47094871 -46909006 -46794675 -46706525 -46503797 -46317702 -45903485 -45735329 -45628597 -45269673 -45239969 -44513780 -44398139 -44278221 -44240591 -44071451 -43414587 -43349568 -43178712 -42682697 -42629012 -42609054 -42467840 -42458963 -42157834 -42143367 -41959062 -41897531 -41754900 -41595488 -41273459 -40889502 -40508950 -40501506 -40052946 -40029587 -39561676 -39237231 -39145609 -39141231 -39137149 -38960698 -38945890 -38715840 -38606521 -38470035 -38217829 -38172712 -37988462 -37875481 -37843228 -37816501 -37794289 -37775702 -37367072 -37283237 -37270617 -37257343 -37167840 -37148628 -36715114 -36637663 -36414688 -36337718 -36087984 -36021991 -36011151 -36008938 -35812578 -35810605 -35702380 -35260150 -35230701 -35161016 -34896437 -34802823 -34392458 -34161274 -33961258 -33899553 -33813688 -33439886 -33433764 -33277022 -33197495 -33184417 -32956529 -32518889 -31898533 -31598857 -31458351 -31416569 -31412155 -31172446 -31160307 -31079292 -30928282 -30750688 -30676279 -30498481 -30484755 -30236428 -29748928 -29685518 -29627823 -29032396 -28031989 -27951085 -27909133 -27572479 -26820184 -26780241 -26754725 -26533168 -26475024 -26131936 -25879795 -25812625 -25602388 -25598123 -25330994 -25122237 -25077254 -24855789 -24603345 -24471551 -24244387 -24046215 -23984903 -23960198 -23710686 -23453745 -23299692 -23082325 -22987239 -22777645 -22624760 -22548325 -22285244 -21821698 -21352429 -21139417 -21099282 -20810127 -20675274 -20358070 -20350275 -20173780 -20137695 -20065466 -19865217 -19854845 -19682064 -19565085 -19508728 -18912040 -18895752 -18838983 -18625022 -18346403 -18210562 -18106982 -17948021 -17870837 -17425264 -17250081 -16557421 -16545122 -16463576 -15417511 -15397554 -15373582 -15094140 -15051339 -14930915 -14792359 -14611773 -14575346 -14463588 -14427508 -14393211 -13923343 -13734660 -13516604 -13411861 -13224160 -13145702 -12695055 -12440126 -12372963 -12038855 -11845199 -11770873 -11766080 -11726327 -11440019 -11277622 -11238302 -11080463 -10840893 -10398822 -10372532 -10221517 -10072308 -9837435 -9544728 -9236932 -9214530 -8907356 -8903231 -8866521 -8749805 -8469012 -8465748 -8213713 -8145212 -8014379 -6731528 -6684127 -6280349 -6006660 -5990322 -5792718 -5771558 -5724112 -5415553 -5410979 -5143038 -5124450 -5110319 -4984592 -4477290 -4160190 -3947819 -3943056 -3916187 -3473846 -3325105 -3141353 -3055734 -2984035 -2161710 -1817374 -1704595 -1194918 -1184197 -912830 -641514 -369930 -205097 506262 523616 950625 1011251 1089862 1162429 1314693 1414504 1571136 1572392 1671352 2003126 2215918 2964744 3235173 3467219 3540946 3608071 3725181 3797952 3947439 4024031 4248195 4266498 4339720 4360587 4463130 4469691 5068095 5128625 5206058 5584720 5673090 5800889 6017919 6291312 6362907 6390857 6601262 6627435 6730918 6823487 6851365 7061605 7565557 7637372 8074780 8152644 8280213 8524485 8779779 8811973 8824165 8909241 9348046 9572716 9700051 9905273 10142631 10208006 10302187 10527964 10580997 10604202 10715484 10778773 11020831 11374182 11434354 11751257 12124969 12158845 12247121 12329576 12348695 12518220 12535273 12647668 12770398 13409529 13686312 14116215 14769475 14945698 14981609 15255584 15324110 15965505 16082930 16883130 16901906 17133116 17156216 17488876 17943758 17966063 18364573 18670604 18908382 19055403 19915071 19962622 20080796 20222996 20695136 20698751 20810171 20970152 21144686 21241455 21387257 21497427 21765224 22237810 22728095 22809963 22934662 22993592 23070092 23270165 23292526 23410065 23450983 23635321 24015069 24331950 24473554 24720736 25012273 25066777 25084197 25147056 25152315 25292413 25339276 25597908 25650304 25846241 26108198 26122133 26317398 26410866 26421868 27033864 27342576 27355033 27746133 27850289 28464446 28657779 28686546 28713122 28953871 29042823 29726231 30032490 30119792 30325973 30465144 30476978 30824313 30831610 30926391 31012413 31444488 31526395 31953536 31958558 32111435 32693990 32955775 33332730 33368737 33970077 34020818 34189502 34198688 34201033 34232577 34326991 34395815 34720393 34782570 35436079 35492293 35657037 35671815 35686868 35714975 35735051 35840457 35907811 36074350 36317725 36374502 36465616 36576821 37099003 37234561 37751609 37795986 37809390 37853472 38045314 38077524 38408028 38620563 38851525 39170047 39410065 39490781 39629082 39707145 39746181 39974096 40163385 40274423 40409382 40572398 40837352 40863831 40905944 41099744 41108384 41422171 41448756 42573318 43243741 43685881 43803646 43846886 44750919 44803325 44937350 45024317 45258094 45435848 45491208 46011100 46197057 46207071 46556406 46695217 46732795 46956398 47122169 47241833 47556284 47698224 47826364 48019576 48383015 48567871 48657635 48776614 48994865 49385847 49411216 49426437 49726251 49728931 49874630 50480533 50593444 50657581 51028138 51070259 51082643 51163054 51334503 51453717 51530962 51977803 51978697 52517302 52659407 52708207 52766675 52927989 53170975 53191108 53258313 53286191 53602494 53710727 53752420 53954070 54269743 54354550 54554025 54768609 54816104 55104444 55149004 55976019 56088843 56132167 56199442 56314439 56354950 56433463 56502158 56870096 56882449 57017536 57539590 58062040 58346820 58676293 58687691 58774650 58896136 59011132 59033544 59130301 59198431 59852235 60254183 60490419 60577571 60681351 60911735 60919984 61218143 61286466 62124361 62300158 62405325 62420895 62467216 62565962 62598128 62807211 63092331 63381730 63780928 63850491 64076375 64094240 64100557 64387770 64433549 64638118 64899288 64934775 65002690 65010344 65303219 65486062 66235904 66396894 66432083 66442524 66445573 66475370 66636935 66892696 66994785 67007868 67073149 67314469 67380308 67671933 68521618 69819927 69914486 70302623 70612174 70951351 71092030 71098923 71234156 71454697 71483326 71686353 71791783 72195143 73009465 73065000 73091895 73569683 73773377 74229770 74487582 74541173 74639710 75026628 75141966 75604135 75618213 75724955 75823513 76123489 76290803 76481259 76513256 76871458 77086558 77642522 77725725 77860989 78238709 78702730 78845458 79751379 80019418 80137325 80478039 80482823 80585978 80822213 80953315 81017490 81041853 81051712 81137798 81829340 82477299 82570191 82771179 83919419 83956982 84072103 84093183 84196266 84873260 85050795 86116207 86381403 86849880 87160686 87181935 87412715 88171607 88392205 88743058 89062811 89141094 89586691 89672106 90218270 90501475 90806760 91067384 91106685 91329246 91359569 91580048 91730321 92417428 92725915 93053807 93170084 93194141 93244821 93306035 93505243 93719318 93999777 94129252 94315040 94337481 94403107 94718201 94750299 95242296 95606916 95740780 96710971 96848357 96908105 97077171 97267488 97339802 97409540 97651742 97663530 98297423 98814988 98851803 98854301 98903210 99128365 99246872 99324948 99516514 99556554 99686931 99934530 
0.000733
